#OTU ID	AR1ERoot	AR1ESoil	AR1NRoot	AR1NSoil	AR1SRoot	AR1SSoil	AR1WRoot	AR1WSoil
OTU1	0	46753	0	36544	0	76503	0	51198
OTU2	30132	2597	0	0	31382	0	0	0
OTU3	821	0	32872	0	1484	0	3836	0
OTU4	0	1299	0	33392	0	2722	0	5514
OTU5	17277	0	0	0	3227	0	3270	0
OTU6	159	0	4411	0	9359	0	0	0
OTU7	0	0	13855	0	0	0	0	0
OTU8	6171	0	5969	0	11173	0	17044	0
OTU9	388	0	0	0	4863	0	314	0
OTU10	0	0	0	1015	0	0	0	21106
OTU11	0	0	0	0	0	9311	0	0
OTU12	3646	0	6989	330	5605	0	13522	141
OTU13	0	1299	0	9005	0	0	0	740
OTU14	1439	0	4226	61	809	24	4088	35
OTU15	1262	0	0	0	7788	0	0	0
OTU16	1863	2597	745	0	1498	0	2201	0
OTU17	4520	0	0	0	1273	0	63	0
OTU18	1571	10390	1188	576	1018	260	1132	1568
OTU19	0	0	0	0	1138	2421	0	0
OTU20	150	0	2898	0	0	24	0	0
OTU21	2428	0	157	0	521	0	1761	0
OTU22	1351	0	0	0	1209	16	63	0
OTU23	1845	0	0	0	692	0	314	18
OTU24	0	0	0	3115	17	114	0	370
OTU25	2807	0	0	0	238	0	0	53
OTU26	883	3896	0	0	1014	0	503	0
OTU27	3549	0	0	0	0	0	0	0
OTU28	583	0	2091	0	799	0	8491	106
OTU29	2746	0	0	0	554	0	0	0
OTU30	1148	0	263	9	531	0	1761	0
OTU31	18	0	39	1699	0	49	0	2114
OTU32	0	0	2545	0	0	24	0	0
OTU33	1245	0	0	0	578	8	881	0
OTU34	1342	0	347	0	618	0	5031	0
OTU35	459	0	0	0	0	0	252	4228
OTU36	0	0	1984	0	0	0	0	0
OTU37	0	0	706	458	0	0	0	229
OTU38	26	0	112	0	651	0	189	18
OTU39	9	1299	11	387	30	1755	63	53
OTU40	653	0	824	19	621	0	2516	53
OTU41	1633	0	0	0	0	0	0	0
OTU42	0	0	0	0	0	0	10189	106
OTU43	0	0	970	14	0	0	0	0
OTU44	0	1299	0	854	0	8	0	211
OTU45	0	0	824	132	0	0	0	53
OTU46	71	0	0	0	521	24	0	0
OTU47	0	1299	1586	0	0	0	126	0
OTU48	0	0	0	0	141	1722	0	0
OTU49	0	0	846	5	10	0	0	18
OTU50	0	0	762	9	40	0	377	106
OTU51	203	0	247	0	228	0	63	0
OTU52	26	0	135	14	450	0	0	0
OTU53	0	0	0	9	0	1162	0	1286
OTU54	998	0	0	0	0	0	0	88
OTU55	0	0	0	0	369	0	0	0
OTU56	0	0	471	137	0	0	440	0
OTU57	18	0	297	5	175	0	0	0
OTU58	901	0	185	0	24	0	0	0
OTU59	0	0	230	0	329	0	0	0
OTU60	0	3896	0	194	44	138	0	423
OTU61	0	0	0	486	3	0	0	0
OTU62	0	1299	773	316	10	0	0	370
OTU63	644	0	0	0	64	0	189	0
OTU64	0	5195	0	52	37	1178	0	564
OTU65	79	0	0	0	249	0	0	18
OTU66	0	0	224	160	17	65	0	35
OTU67	0	0	605	5	0	0	63	0
OTU68	26	0	0	0	0	0	5094	758
OTU69	0	0	342	47	94	0	755	18
OTU70	35	0	151	47	121	16	0	141
OTU71	159	0	6	42	198	49	0	0
OTU72	0	0	347	9	0	8	189	0
OTU73	159	0	0	0	154	8	0	0
OTU74	26	0	482	0	165	0	566	0
OTU75	0	0	22	326	0	41	0	0
OTU76	0	0	0	420	0	0	0	53
OTU77	0	0	0	0	10	0	63	1850
OTU78	35	0	0	0	339	32	0	0
OTU79	0	0	336	5	0	0	0	0
OTU80	0	0	314	0	24	24	0	35
OTU81	494	0	11	0	0	0	377	0
OTU82	0	0	0	335	0	16	0	35
OTU83	0	0	73	47	0	57	0	511
OTU84	0	0	112	170	0	0	0	0
OTU85	0	0	0	0	151	0	0	0
OTU86	0	0	67	175	7	8	0	18
OTU87	0	0	219	14	0	0	0	0
OTU88	0	1299	0	85	7	106	0	70
OTU89	0	0	0	0	0	0	0	722
OTU90	0	0	241	0	0	0	0	0
OTU91	62	0	247	137	64	89	126	70
OTU92	9	0	101	99	24	0	0	35
OTU93	194	0	11	0	168	0	63	0
OTU94	35	0	0	0	175	0	0	0
OTU95	0	0	174	33	0	0	0	35
OTU96	0	0	0	9	0	455	0	652
OTU97	71	1299	0	0	131	8	0	0
OTU98	283	0	0	0	0	0	566	0
OTU99	0	0	22	0	165	0	0	0
OTU100	0	0	0	0	0	0	1384	176
OTU101	0	0	22	0	0	0	2201	88
OTU102	0	0	0	0	121	0	0	0
OTU103	0	6494	0	33	0	81	0	493
OTU104	18	0	0	0	134	0	0	0
OTU105	318	0	0	0	0	0	0	0
OTU106	9	0	11	9	0	0	1069	159
OTU107	0	0	17	14	74	0	0	0
OTU108	0	0	0	0	124	8	0	35
OTU109	35	0	78	0	74	0	0	0
OTU110	0	0	157	0	0	0	0	0
OTU111	9	0	174	5	0	0	0	0
OTU112	0	0	39	160	0	0	0	0
OTU113	0	0	135	0	0	0	189	123
OTU114	0	0	0	0	87	8	0	0
OTU115	0	0	0	0	87	0	0	0
OTU116	0	0	0	0	111	8	0	0
OTU117	0	0	135	0	0	0	0	18
OTU118	0	0	0	0	91	0	0	0
OTU119	0	0	291	0	0	0	126	0
OTU120	0	0	50	28	20	8	126	70
OTU121	62	0	0	0	44	24	0	0
OTU122	35	0	0	0	67	0	0	0
OTU123	0	0	17	57	27	0	189	88
OTU124	0	0	202	5	0	0	0	0
OTU125	0	0	0	0	71	0	0	0
OTU126	0	0	67	94	0	16	0	511
OTU127	18	0	6	0	249	0	0	0
OTU128	0	0	0	0	74	0	0	0
OTU129	9	0	129	9	0	0	0	35
OTU130	291	0	0	0	17	0	0	0
OTU131	0	0	50	123	0	0	0	0
OTU132	9	0	0	0	60	0	252	0
OTU133	0	0	0	0	0	0	0	476
OTU134	18	0	0	0	97	16	0	0
OTU135	97	0	90	0	0	0	0	0
OTU136	0	0	0	99	0	0	0	35
OTU137	0	0	118	0	0	0	0	0
OTU138	9	0	101	14	3	0	0	18
OTU139	0	0	78	0	44	0	0	0
OTU140	62	0	0	0	181	0	189	0
OTU141	35	0	129	9	0	0	0	35
OTU142	0	0	39	47	0	0	0	0
OTU143	344	0	73	5	124	0	63	0
OTU144	9	0	0	14	37	0	0	0
OTU145	0	0	11	0	50	0	0	0
OTU146	0	1299	0	0	30	138	0	0
OTU147	0	0	0	0	64	0	0	0
OTU148	0	0	0	0	20	73	0	0
OTU149	0	0	78	0	0	0	0	0
OTU150	0	0	140	38	0	0	0	0
OTU151	0	0	78	0	0	0	0	0
OTU152	0	0	34	0	50	0	0	0
OTU153	9	0	0	0	50	0	0	0
OTU154	0	0	0	61	0	0	0	53
OTU155	0	0	84	0	0	0	377	35
OTU156	0	0	0	0	0	8	1195	0
OTU157	0	0	22	9	0	16	0	123
OTU158	0	0	17	52	0	0	0	0
OTU159	71	0	0	0	74	41	0	0
OTU160	0	0	95	0	0	0	0	0
OTU161	9	0	0	0	40	0	0	0
OTU162	62	0	28	0	0	0	0	0
OTU163	0	0	62	66	0	0	0	18
OTU164	26	0	0	9	34	0	0	18
OTU165	0	0	62	9	0	0	0	0
OTU166	0	0	0	0	54	0	0	0
OTU167	0	1299	28	42	34	0	0	0
OTU168	79	0	22	0	151	0	63	0
OTU169	0	0	0	0	44	0	0	0
OTU170	124	0	0	0	0	24	0	0
OTU171	0	0	73	9	0	0	0	0
OTU172	0	0	0	0	0	81	0	0
OTU173	0	0	84	0	0	0	0	0
OTU174	0	0	6	52	0	0	0	0
OTU175	0	0	90	5	0	0	692	0
OTU176	0	0	0	0	0	81	0	0
OTU178	26	0	0	0	24	0	0	0
OTU179	0	0	0	0	37	0	0	0
OTU180	0	0	56	0	0	0	0	0
OTU181	35	0	0	9	34	0	0	0
OTU182	0	0	62	0	0	0	0	0
OTU183	0	0	0	0	0	0	629	0
OTU184	0	0	0	94	0	0	0	35
OTU185	0	0	0	80	0	0	0	0
OTU186	0	0	0	0	37	0	0	0
OTU187	88	0	0	0	17	0	0	0
OTU188	0	0	0	0	34	0	0	0
OTU189	0	0	0	0	0	0	1509	0
OTU190	0	0	0	0	50	0	0	0
OTU191	0	0	17	0	34	0	0	0
OTU192	26	0	11	0	30	0	0	0
OTU193	0	0	0	0	34	0	0	0
OTU194	0	0	101	9	0	0	0	0
OTU195	0	0	0	0	27	0	0	0
OTU196	0	0	0	0	27	0	0	0
OTU198	0	0	17	38	0	0	0	0
OTU199	0	0	56	0	0	0	0	0
OTU200	0	0	0	0	34	0	0	0
OTU201	0	0	34	24	17	0	0	18
OTU202	0	0	0	6329	0	0	0	35
OTU203	0	0	0	0	30	0	0	0
OTU204	9	0	0	0	54	0	0	0
OTU205	0	0	0	0	34	0	0	0
OTU206	0	0	6	33	0	8	0	0
OTU207	0	0	0	0	24	0	0	0
OTU208	88	0	0	0	7	0	63	0
OTU209	0	0	39	0	0	0	0	0
OTU210	0	0	0	0	30	0	0	0
OTU211	0	0	39	5	0	0	0	0
OTU213	0	0	0	76	0	0	0	0
OTU214	0	0	0	0	27	0	0	0
OTU215	0	0	0	0	27	0	0	0
OTU216	0	0	11	47	0	0	0	0
OTU217	44	0	0	0	30	16	0	0
OTU218	18	2597	17	0	0	0	63	0
OTU219	0	0	90	0	7	0	63	0
OTU220	0	0	34	0	0	0	0	0
OTU221	0	0	6	5	27	0	0	18
OTU222	0	0	45	0	0	0	0	0
OTU223	0	0	17	19	0	0	377	159
OTU224	0	0	17	0	0	0	377	0
OTU225	0	0	0	42	0	0	0	0
OTU226	0	0	0	0	0	0	126	106
OTU227	124	0	0	0	17	8	0	0
OTU228	0	0	0	0	40	0	0	0
OTU229	0	0	6	5	0	32	0	35
OTU230	9	0	0	24	0	0	0	0
OTU231	0	0	0	0	0	32	0	35
OTU232	0	0	11	24	0	0	0	0
OTU233	0	0	0	0	20	0	0	0
OTU234	0	0	6	0	10	16	0	0
OTU235	18	0	0	0	81	0	0	0
OTU236	0	0	50	0	7	0	0	0
OTU238	0	0	0	33	0	0	0	0
OTU240	0	0	34	0	0	0	0	0
OTU241	35	0	0	0	17	0	0	0
OTU242	0	0	6	19	0	0	0	0
OTU243	0	0	6	0	27	0	0	0
OTU244	0	0	0	0	67	0	0	0
OTU245	0	0	0	0	0	0	63	106
OTU246	0	0	0	5	34	0	0	18
OTU247	0	0	0	19	0	0	0	18
OTU248	0	0	11	0	17	0	0	0
OTU249	0	0	0	38	0	0	0	0
OTU250	9	0	6	0	17	8	0	0
OTU251	0	0	28	5	0	8	63	70
OTU252	0	0	28	0	0	0	0	0
OTU253	0	0	6	19	0	0	0	0
OTU254	0	0	0	24	0	0	0	0
OTU255	0	0	6	0	10	0	63	0
OTU256	0	0	0	38	0	0	0	0
OTU257	0	0	34	9	0	0	0	0
OTU258	0	0	0	9	0	114	0	88
OTU259	0	0	0	0	7	57	0	0
OTU260	0	0	0	33	0	0	0	0
OTU261	18	0	17	9	7	8	0	0
OTU263	0	0	0	0	17	0	0	0
OTU264	0	0	28	0	0	0	0	0
OTU265	0	0	0	19	0	0	0	0
OTU266	159	0	196	0	44	0	0	0
OTU267	88	0	45	5	10	0	0	0
OTU269	0	0	0	19	0	0	0	0
OTU270	0	0	28	9	0	0	0	0
OTU271	0	0	28	9	0	0	0	0
OTU273	0	0	17	5	0	0	0	0
OTU274	0	0	39	0	0	0	0	0
OTU275	0	0	0	0	27	0	0	0
OTU276	0	0	0	0	13	0	0	0
OTU277	0	0	0	24	3	8	0	0
OTU280	0	0	22	0	0	0	0	0
OTU281	0	0	17	5	0	0	0	0
OTU282	0	0	22	0	0	0	0	0
OTU283	0	0	0	0	13	0	63	0
OTU284	0	0	0	24	0	0	0	0
OTU286	0	0	0	0	13	0	0	18
OTU287	0	0	6	14	0	0	0	0
OTU288	9	0	6	0	30	0	0	0
OTU290	0	0	0	0	0	32	0	0
OTU292	35	0	0	0	0	0	0	0
OTU293	0	0	22	0	0	0	0	0
OTU294	0	0	0	0	13	0	0	0
OTU295	0	0	11	0	0	8	0	18
OTU296	0	0	0	0	13	0	0	0
OTU297	0	0	0	0	0	57	63	18
OTU298	9	0	11	0	7	0	0	0
OTU299	0	0	0	0	10	8	0	18
OTU300	0	0	0	14	0	0	0	0
OTU301	0	0	0	28	0	0	0	18
OTU303	0	0	0	0	0	0	189	0
OTU304	71	0	6	0	44	8	63	0
OTU305	26	0	129	5	24	0	0	0
OTU307	0	0	22	0	0	0	0	0
OTU308	0	1299	0	0	0	0	0	35
OTU310	0	0	6	0	17	0	0	0
OTU311	0	0	0	0	20	0	0	0
OTU312	18	0	0	0	20	0	63	0
OTU313	0	0	0	24	0	8	0	35
OTU314	0	0	0	0	3	16	0	35
OTU316	0	0	0	0	0	8	0	88
OTU317	53	0	0	0	111	0	63	0
OTU318	0	0	17	0	0	0	0	0
OTU319	0	0	0	0	13	0	0	0
OTU321	0	0	0	0	0	24	0	18
OTU322	106	0	958	0	1857	16	503	18
OTU323	0	0	6	9	0	0	0	0
OTU324	26	0	0	0	0	0	0	0
OTU325	26	0	0	0	0	0	0	0
OTU326	9	0	0	0	10	0	0	0
OTU327	0	0	17	0	0	0	0	0
OTU328	0	1299	0	0	7	0	0	0
OTU329	0	0	0	0	0	8	0	35
OTU330	0	0	17	0	0	0	0	0
OTU331	0	0	0	0	10	0	0	0
OTU332	0	0	0	0	10	0	0	0
OTU333	0	0	0	14	0	0	0	0
OTU334	18	0	0	19	0	0	0	0
OTU335	0	0	0	0	10	0	0	0
OTU336	0	0	0	14	0	0	0	0
OTU337	0	0	0	0	7	0	0	0
OTU338	0	0	11	5	0	0	0	0
OTU339	0	0	0	9	7	0	0	0
OTU340	0	0	0	0	0	0	0	70
OTU342	0	0	0	0	7	0	0	0
OTU343	0	0	0	0	0	0	0	35
OTU344	0	0	34	0	3	0	0	0
OTU345	0	0	0	0	0	0	0	35
OTU346	0	0	6	9	0	0	0	0
OTU347	0	0	0	0	13	0	0	0
OTU348	18	0	0	0	0	0	0	0
OTU349	0	0	0	0	7	0	0	0
OTU350	18	0	0	0	0	0	0	0
OTU352	0	0	17	0	0	0	0	0
OTU353	9	0	17	0	0	0	126	0
OTU355	0	0	22	0	0	0	63	18
OTU356	0	0	0	0	0	0	189	0
OTU357	9	0	0	0	0	8	0	0
OTU358	44	0	0	0	13	0	63	0
OTU359	0	0	0	0	7	0	0	0
OTU360	0	0	6	5	0	0	0	0
OTU362	9	0	0	0	3	0	0	0
OTU363	0	0	11	0	0	0	0	0
OTU364	26	0	6	0	13	0	0	0
OTU365	0	0	0	0	0	8	0	35
OTU366	26	0	6	0	3	0	0	0
OTU367	0	0	0	0	0	16	0	0
OTU368	0	0	6	5	0	0	0	18
OTU369	0	0	17	0	0	0	0	0
OTU370	0	0	11	5	7	8	0	0
OTU371	0	0	17	0	13	0	0	0
OTU373	0	0	0	0	24	0	0	0
OTU374	0	0	0	28	0	0	0	18
OTU375	0	0	0	0	0	16	0	0
OTU376	0	0	0	0	10	16	0	0
OTU377	18	0	0	0	0	24	0	0
OTU379	0	0	6	0	3	0	0	0
OTU380	0	0	0	0	0	0	126	0
OTU381	53	0	6	5	17	0	189	0
OTU382	0	0	0	0	7	0	0	0
OTU383	0	0	11	0	0	0	0	0
OTU384	0	0	0	9	0	0	0	0
OTU385	0	0	0	9	0	0	0	0
OTU386	0	0	17	0	0	0	0	0
OTU387	0	0	6	5	0	0	0	0
OTU388	0	0	0	236	0	0	0	0
OTU390	18	0	0	0	0	0	0	0
OTU391	18	0	0	0	0	0	0	0
OTU392	0	0	0	19	0	0	0	0
OTU394	0	0	6	5	0	0	0	0
OTU395	0	0	0	0	10	0	0	0
OTU397	0	0	0	5	3	8	0	0
OTU399	0	0	11	0	0	0	0	0
OTU400	0	0	6	5	0	0	0	0
OTU401	9	0	0	0	0	16	0	0
OTU402	0	0	0	9	0	0	0	0
OTU403	0	0	0	0	13	16	0	0
OTU405	0	0	0	5	3	0	0	0
OTU406	18	0	6	9	40	0	0	0
OTU407	0	0	0	0	10	8	0	0
OTU409	0	0	0	0	7	0	0	0
OTU410	0	0	0	0	7	0	0	0
OTU411	9	0	0	0	3	0	0	0
OTU415	0	0	17	5	0	0	0	0
OTU416	0	0	0	0	10	0	0	0
OTU417	0	0	0	0	0	0	0	35
OTU418	0	0	11	0	0	0	0	0
OTU419	0	0	0	0	13	0	0	0
OTU421	0	0	11	0	0	0	0	0
OTU422	0	0	0	0	7	0	0	0
OTU423	0	0	0	9	0	8	0	0
OTU424	0	0	0	0	0	0	0	70
OTU425	0	0	28	0	0	0	0	0
OTU426	9	0	0	0	0	0	63	0
OTU428	0	0	11	5	0	0	0	0
OTU430	0	0	0	0	0	0	0	35
