#OTU ID	AR1ERoot	AR1ESoil	AR1NRoot	AR1NSoil	AR1SRoot	AR1SSoil	AR1WRoot	AR1WSoil
OTU1	0	1	0	1	0	1	0	1
OTU2	1	1	0	0	1	0	0	0
OTU3	1	0	1	0	1	0	1	0
OTU4	0	1	0	1	0	1	0	1
OTU5	1	0	0	0	1	0	1	0
OTU6	1	0	1	0	1	0	0	0
OTU7	0	0	1	0	0	0	0	0
OTU8	1	0	1	0	1	0	1	0
OTU9	1	0	0	0	1	0	1	0
OTU10	0	0	0	1	0	0	0	1
OTU11	0	0	0	0	0	1	0	0
OTU12	1	0	1	1	1	0	1	1
OTU13	0	1	0	1	0	0	0	1
OTU14	1	0	1	1	1	1	1	1
OTU15	1	0	0	0	1	0	0	0
OTU16	1	1	1	0	1	0	1	0
OTU17	1	0	0	0	1	0	1	0
OTU18	1	1	1	1	1	1	1	1
OTU19	0	0	0	0	1	1	0	0
OTU20	1	0	1	0	0	1	0	0
OTU21	1	0	1	0	1	0	1	0
OTU22	1	0	0	0	1	1	1	0
OTU23	1	0	0	0	1	0	1	1
OTU24	0	0	0	1	1	1	0	1
OTU25	1	0	0	0	1	0	0	1
OTU26	1	1	0	0	1	0	1	0
OTU27	1	0	0	0	0	0	0	0
OTU28	1	0	1	0	1	0	1	1
OTU29	1	0	0	0	1	0	0	0
OTU30	1	0	1	1	1	0	1	0
OTU31	1	0	1	1	0	1	0	1
OTU32	0	0	1	0	0	1	0	0
OTU33	1	0	0	0	1	1	1	0
OTU34	1	0	1	0	1	0	1	0
OTU35	1	0	0	0	0	0	1	1
OTU36	0	0	1	0	0	0	0	0
OTU37	0	0	1	1	0	0	0	1
OTU38	1	0	1	0	1	0	1	1
OTU39	1	1	1	1	1	1	1	1
OTU40	1	0	1	1	1	0	1	1
OTU41	1	0	0	0	0	0	0	0
OTU42	0	0	0	0	0	0	1	1
OTU43	0	0	1	1	0	0	0	0
OTU44	0	1	0	1	0	1	0	1
OTU45	0	0	1	1	0	0	0	1
OTU46	1	0	0	0	1	1	0	0
OTU47	0	1	1	0	0	0	1	0
OTU48	0	0	0	0	1	1	0	0
OTU49	0	0	1	1	1	0	0	1
OTU50	0	0	1	1	1	0	1	1
OTU51	1	0	1	0	1	0	1	0
OTU52	1	0	1	1	1	0	0	0
OTU53	0	0	0	1	0	1	0	1
OTU54	1	0	0	0	0	0	0	1
OTU55	0	0	0	0	1	0	0	0
OTU56	0	0	1	1	0	0	1	0
OTU57	1	0	1	1	1	0	0	0
OTU58	1	0	1	0	1	0	0	0
OTU59	0	0	1	0	1	0	0	0
OTU60	0	1	0	1	1	1	0	1
OTU61	0	0	0	1	1	0	0	0
OTU62	0	1	1	1	1	0	0	1
OTU63	1	0	0	0	1	0	1	0
OTU64	0	1	0	1	1	1	0	1
OTU65	1	0	0	0	1	0	0	1
OTU66	0	0	1	1	1	1	0	1
OTU67	0	0	1	1	0	0	1	0
OTU68	1	0	0	0	0	0	1	1
OTU69	0	0	1	1	1	0	1	1
OTU70	1	0	1	1	1	1	0	1
OTU71	1	0	1	1	1	1	0	0
OTU72	0	0	1	1	0	1	1	0
OTU73	1	0	0	0	1	1	0	0
OTU74	1	0	1	0	1	0	1	0
OTU75	0	0	1	1	0	1	0	0
OTU76	0	0	0	1	0	0	0	1
OTU77	0	0	0	0	1	0	1	1
OTU78	1	0	0	0	1	1	0	0
OTU79	0	0	1	1	0	0	0	0
OTU80	0	0	1	0	1	1	0	1
OTU81	1	0	1	0	0	0	1	0
OTU82	0	0	0	1	0	1	0	1
OTU83	0	0	1	1	0	1	0	1
OTU84	0	0	1	1	0	0	0	0
OTU85	0	0	0	0	1	0	0	0
OTU86	0	0	1	1	1	1	0	1
OTU87	0	0	1	1	0	0	0	0
OTU88	0	1	0	1	1	1	0	1
OTU89	0	0	0	0	0	0	0	1
OTU90	0	0	1	0	0	0	0	0
OTU91	1	0	1	1	1	1	1	1
OTU92	1	0	1	1	1	0	0	1
OTU93	1	0	1	0	1	0	1	0
OTU94	1	0	0	0	1	0	0	0
OTU95	0	0	1	1	0	0	0	1
OTU96	0	0	0	1	0	1	0	1
OTU97	1	1	0	0	1	1	0	0
OTU98	1	0	0	0	0	0	1	0
OTU99	0	0	1	0	1	0	0	0
OTU100	0	0	0	0	0	0	1	1
OTU101	0	0	1	0	0	0	1	1
OTU102	0	0	0	0	1	0	0	0
OTU103	0	1	0	1	0	1	0	1
OTU104	1	0	0	0	1	0	0	0
OTU105	1	0	0	0	0	0	0	0
OTU106	1	0	1	1	0	0	1	1
OTU107	0	0	1	1	1	0	0	0
OTU108	0	0	0	0	1	1	0	1
OTU109	1	0	1	0	1	0	0	0
OTU110	0	0	1	0	0	0	0	0
OTU111	1	0	1	1	0	0	0	0
OTU112	0	0	1	1	0	0	0	0
OTU113	0	0	1	0	0	0	1	1
OTU114	0	0	0	0	1	1	0	0
OTU115	0	0	0	0	1	0	0	0
OTU116	0	0	0	0	1	1	0	0
OTU117	0	0	1	0	0	0	0	1
OTU118	0	0	0	0	1	0	0	0
OTU119	0	0	1	0	0	0	1	0
OTU120	0	0	1	1	1	1	1	1
OTU121	1	0	0	0	1	1	0	0
OTU122	1	0	0	0	1	0	0	0
OTU123	0	0	1	1	1	0	1	1
OTU124	0	0	1	1	0	0	0	0
OTU125	0	0	0	0	1	0	0	0
OTU126	0	0	1	1	0	1	0	1
OTU127	1	0	1	0	1	0	0	0
OTU128	0	0	0	0	1	0	0	0
OTU129	1	0	1	1	0	0	0	1
OTU130	1	0	0	0	1	0	0	0
OTU131	0	0	1	1	0	0	0	0
OTU132	1	0	0	0	1	0	1	0
OTU133	0	0	0	0	0	0	0	1
OTU134	1	0	0	0	1	1	0	0
OTU135	1	0	1	0	0	0	0	0
OTU136	0	0	0	1	0	0	0	1
OTU137	0	0	1	0	0	0	0	0
OTU138	1	0	1	1	1	0	0	1
OTU139	0	0	1	0	1	0	0	0
OTU140	1	0	0	0	1	0	1	0
OTU141	1	0	1	1	0	0	0	1
OTU142	0	0	1	1	0	0	0	0
OTU143	1	0	1	1	1	0	1	0
OTU144	1	0	0	1	1	0	0	0
OTU145	0	0	1	0	1	0	0	0
OTU146	0	1	0	0	1	1	0	0
OTU147	0	0	0	0	1	0	0	0
OTU148	0	0	0	0	1	1	0	0
OTU149	0	0	1	0	0	0	0	0
OTU150	0	0	1	1	0	0	0	0
OTU151	0	0	1	0	0	0	0	0
OTU152	0	0	1	0	1	0	0	0
OTU153	1	0	0	0	1	0	0	0
OTU154	0	0	0	1	0	0	0	1
OTU155	0	0	1	0	0	0	1	1
OTU156	0	0	0	0	0	1	1	0
OTU157	0	0	1	1	0	1	0	1
OTU158	0	0	1	1	0	0	0	0
OTU159	1	0	0	0	1	1	0	0
OTU160	0	0	1	0	0	0	0	0
OTU161	1	0	0	0	1	0	0	0
OTU162	1	0	1	0	0	0	0	0
OTU163	0	0	1	1	0	0	0	1
OTU164	1	0	0	1	1	0	0	1
OTU165	0	0	1	1	0	0	0	0
OTU166	0	0	0	0	1	0	0	0
OTU167	0	1	1	1	1	0	0	0
OTU168	1	0	1	0	1	0	1	0
OTU169	0	0	0	0	1	0	0	0
OTU170	1	0	0	0	0	1	0	0
OTU171	0	0	1	1	0	0	0	0
OTU172	0	0	0	0	0	1	0	0
OTU173	0	0	1	0	0	0	0	0
OTU174	0	0	1	1	0	0	0	0
OTU175	0	0	1	1	0	0	1	0
OTU176	0	0	0	0	0	1	0	0
OTU178	1	0	0	0	1	0	0	0
OTU179	0	0	0	0	1	0	0	0
OTU180	0	0	1	0	0	0	0	0
OTU181	1	0	0	1	1	0	0	0
OTU182	0	0	1	0	0	0	0	0
OTU183	0	0	0	0	0	0	1	0
OTU184	0	0	0	1	0	0	0	1
OTU185	0	0	0	1	0	0	0	0
OTU186	0	0	0	0	1	0	0	0
OTU187	1	0	0	0	1	0	0	0
OTU188	0	0	0	0	1	0	0	0
OTU189	0	0	0	0	0	0	1	0
OTU190	0	0	0	0	1	0	0	0
OTU191	0	0	1	0	1	0	0	0
OTU192	1	0	1	0	1	0	0	0
OTU193	0	0	0	0	1	0	0	0
OTU194	0	0	1	1	0	0	0	0
OTU195	0	0	0	0	1	0	0	0
OTU196	0	0	0	0	1	0	0	0
OTU198	0	0	1	1	0	0	0	0
OTU199	0	0	1	0	0	0	0	0
OTU200	0	0	0	0	1	0	0	0
OTU201	0	0	1	1	1	0	0	1
OTU202	0	0	0	1	0	0	0	1
OTU203	0	0	0	0	1	0	0	0
OTU204	1	0	0	0	1	0	0	0
OTU205	0	0	0	0	1	0	0	0
OTU206	0	0	1	1	0	1	0	0
OTU207	0	0	0	0	1	0	0	0
OTU208	1	0	0	0	1	0	1	0
OTU209	0	0	1	0	0	0	0	0
OTU210	0	0	0	0	1	0	0	0
OTU211	0	0	1	1	0	0	0	0
OTU213	0	0	0	1	0	0	0	0
OTU214	0	0	0	0	1	0	0	0
OTU215	0	0	0	0	1	0	0	0
OTU216	0	0	1	1	0	0	0	0
OTU217	1	0	0	0	1	1	0	0
OTU218	1	1	1	0	0	0	1	0
OTU219	0	0	1	0	1	0	1	0
OTU220	0	0	1	0	0	0	0	0
OTU221	0	0	1	1	1	0	0	1
OTU222	0	0	1	0	0	0	0	0
OTU223	0	0	1	1	0	0	1	1
OTU224	0	0	1	0	0	0	1	0
OTU225	0	0	0	1	0	0	0	0
OTU226	0	0	0	0	0	0	1	1
OTU227	1	0	0	0	1	1	0	0
OTU228	0	0	0	0	1	0	0	0
OTU229	0	0	1	1	0	1	0	1
OTU230	1	0	0	1	0	0	0	0
OTU231	0	0	0	0	0	1	0	1
OTU232	0	0	1	1	0	0	0	0
OTU233	0	0	0	0	1	0	0	0
OTU234	0	0	1	0	1	1	0	0
OTU235	1	0	0	0	1	0	0	0
OTU236	0	0	1	0	1	0	0	0
OTU238	0	0	0	1	0	0	0	0
OTU240	0	0	1	0	0	0	0	0
OTU241	1	0	0	0	1	0	0	0
OTU242	0	0	1	1	0	0	0	0
OTU243	0	0	1	0	1	0	0	0
OTU244	0	0	0	0	1	0	0	0
OTU245	0	0	0	0	0	0	1	1
OTU246	0	0	0	1	1	0	0	1
OTU247	0	0	0	1	0	0	0	1
OTU248	0	0	1	0	1	0	0	0
OTU249	0	0	0	1	0	0	0	0
OTU250	1	0	1	0	1	1	0	0
OTU251	0	0	1	1	0	1	1	1
OTU252	0	0	1	0	0	0	0	0
OTU253	0	0	1	1	0	0	0	0
OTU254	0	0	0	1	0	0	0	0
OTU255	0	0	1	0	1	0	1	0
OTU256	0	0	0	1	0	0	0	0
OTU257	0	0	1	1	0	0	0	0
OTU258	0	0	0	1	0	1	0	1
OTU259	0	0	0	0	1	1	0	0
OTU260	0	0	0	1	0	0	0	0
OTU261	1	0	1	1	1	1	0	0
OTU263	0	0	0	0	1	0	0	0
OTU264	0	0	1	0	0	0	0	0
OTU265	0	0	0	1	0	0	0	0
OTU266	1	0	1	0	1	0	0	0
OTU267	1	0	1	1	1	0	0	0
OTU269	0	0	0	1	0	0	0	0
OTU270	0	0	1	1	0	0	0	0
OTU271	0	0	1	1	0	0	0	0
OTU273	0	0	1	1	0	0	0	0
OTU274	0	0	1	0	0	0	0	0
OTU275	0	0	0	0	1	0	0	0
OTU276	0	0	0	0	1	0	0	0
OTU277	0	0	0	1	1	1	0	0
OTU280	0	0	1	0	0	0	0	0
OTU281	0	0	1	1	0	0	0	0
OTU282	0	0	1	0	0	0	0	0
OTU283	0	0	0	0	1	0	1	0
OTU284	0	0	0	1	0	0	0	0
OTU286	0	0	0	0	1	0	0	1
OTU287	0	0	1	1	0	0	0	0
OTU288	1	0	1	0	1	0	0	0
OTU290	0	0	0	0	0	1	0	0
OTU292	1	0	0	0	0	0	0	0
OTU293	0	0	1	0	0	0	0	0
OTU294	0	0	0	0	1	0	0	0
OTU295	0	0	1	0	0	1	0	1
OTU296	0	0	0	0	1	0	0	0
OTU297	0	0	0	0	0	1	1	1
OTU298	1	0	1	0	1	0	0	0
OTU299	0	0	0	0	1	1	0	1
OTU300	0	0	0	1	0	0	0	0
OTU301	0	0	0	1	0	0	0	1
OTU303	0	0	0	0	0	0	1	0
OTU304	1	0	1	0	1	1	1	0
OTU305	1	0	1	1	1	0	0	0
OTU307	0	0	1	0	0	0	0	0
OTU308	0	1	0	0	0	0	0	1
OTU310	0	0	1	0	1	0	0	0
OTU311	0	0	0	0	1	0	0	0
OTU312	1	0	0	0	1	0	1	0
OTU313	0	0	0	1	0	1	0	1
OTU314	0	0	0	0	1	1	0	1
OTU316	0	0	0	0	0	1	0	1
OTU317	1	0	0	0	1	0	1	0
OTU318	0	0	1	0	0	0	0	0
OTU319	0	0	0	0	1	0	0	0
OTU321	0	0	0	0	0	1	0	1
OTU322	1	0	1	0	1	1	1	1
OTU323	0	0	1	1	0	0	0	0
OTU324	1	0	0	0	0	0	0	0
OTU325	1	0	0	0	0	0	0	0
OTU326	1	0	0	0	1	0	0	0
OTU327	0	0	1	0	0	0	0	0
OTU328	0	1	0	0	1	0	0	0
OTU329	0	0	0	0	0	1	0	1
OTU330	0	0	1	0	0	0	0	0
OTU331	0	0	0	0	1	0	0	0
OTU332	0	0	0	0	1	0	0	0
OTU333	0	0	0	1	0	0	0	0
OTU334	1	0	0	1	0	0	0	0
OTU335	0	0	0	0	1	0	0	0
OTU336	0	0	0	1	0	0	0	0
OTU337	0	0	0	0	1	0	0	0
OTU338	0	0	1	1	0	0	0	0
OTU339	0	0	0	1	1	0	0	0
OTU340	0	0	0	0	0	0	0	1
OTU342	0	0	0	0	1	0	0	0
OTU343	0	0	0	0	0	0	0	1
OTU344	0	0	1	0	1	0	0	0
OTU345	0	0	0	0	0	0	0	1
OTU346	0	0	1	1	0	0	0	0
OTU347	0	0	0	0	1	0	0	0
OTU348	1	0	0	0	0	0	0	0
OTU349	0	0	0	0	1	0	0	0
OTU350	1	0	0	0	0	0	0	0
OTU352	0	0	1	0	0	0	0	0
OTU353	1	0	1	0	0	0	1	0
OTU355	0	0	1	0	0	0	1	1
OTU356	0	0	0	0	0	0	1	0
OTU357	1	0	0	0	0	1	0	0
OTU358	1	0	0	0	1	0	1	0
OTU359	0	0	0	0	1	0	0	0
OTU360	0	0	1	1	0	0	0	0
OTU362	1	0	0	0	1	0	0	0
OTU363	0	0	1	0	0	0	0	0
OTU364	1	0	1	0	1	0	0	0
OTU365	0	0	0	0	0	1	0	1
OTU366	1	0	1	0	1	0	0	0
OTU367	0	0	0	0	0	1	0	0
OTU368	0	0	1	1	0	0	0	1
OTU369	0	0	1	0	0	0	0	0
OTU370	0	0	1	1	1	1	0	0
OTU371	0	0	1	0	1	0	0	0
OTU373	0	0	0	0	1	0	0	0
OTU374	0	0	0	1	0	0	0	1
OTU375	0	0	0	0	0	1	0	0
OTU376	0	0	0	0	1	1	0	0
OTU377	1	0	0	0	0	1	0	0
OTU379	0	0	1	0	1	0	0	0
OTU380	0	0	0	0	0	0	1	0
OTU381	1	0	1	1	1	0	1	0
OTU382	0	0	0	0	1	0	0	0
OTU383	0	0	1	0	0	0	0	0
OTU384	0	0	0	1	0	0	0	0
OTU385	0	0	0	1	0	0	0	0
OTU386	0	0	1	0	0	0	0	0
OTU387	0	0	1	1	0	0	0	0
OTU388	0	0	0	1	0	0	0	0
OTU390	1	0	0	0	0	0	0	0
OTU391	1	0	0	0	0	0	0	0
OTU392	0	0	0	1	0	0	0	0
OTU394	0	0	1	1	0	0	0	0
OTU395	0	0	0	0	1	0	0	0
OTU397	0	0	0	1	1	1	0	0
OTU399	0	0	1	0	0	0	0	0
OTU400	0	0	1	1	0	0	0	0
OTU401	1	0	0	0	0	1	0	0
OTU402	0	0	0	1	0	0	0	0
OTU403	0	0	0	0	1	1	0	0
OTU405	0	0	0	1	1	0	0	0
OTU406	1	0	1	1	1	0	0	0
OTU407	0	0	0	0	1	1	0	0
OTU409	0	0	0	0	1	0	0	0
OTU410	0	0	0	0	1	0	0	0
OTU411	1	0	0	0	1	0	0	0
OTU415	0	0	1	1	0	0	0	0
OTU416	0	0	0	0	1	0	0	0
OTU417	0	0	0	0	0	0	0	1
OTU418	0	0	1	0	0	0	0	0
OTU419	0	0	0	0	1	0	0	0
OTU421	0	0	1	0	0	0	0	0
OTU422	0	0	0	0	1	0	0	0
OTU423	0	0	0	1	0	1	0	0
OTU424	0	0	0	0	0	0	0	1
OTU425	0	0	1	0	0	0	0	0
OTU426	1	0	0	0	0	0	1	0
OTU428	0	0	1	1	0	0	0	0
OTU430	0	0	0	0	0	0	0	1
